,pitcher,player_name,Shape+,foul,barrel,solid,flr_brn,under,topped,weak,swstr,Name
0,434378,"Verlander, Justin",100,0.348,0.028,0.023,0.08,0.084,0.091,0.012,0.335,Justin Verlander
1,445276,"Jansen, Kenley",102,0.4,0.02,0.023,0.081,0.091,0.081,0.022,0.281,Kenley Jansen
2,445926,"Chavez, Jesse",92,0.375,0.031,0.022,0.091,0.104,0.12,0.023,0.234,Jesse Chavez
3,448179,"Hill, Rich",104,0.37,0.027,0.021,0.071,0.115,0.079,0.034,0.282,Rich Hill
4,450203,"Morton, Charlie",96,0.355,0.025,0.021,0.092,0.074,0.139,0.016,0.277,Charlie Morton
5,453286,"Scherzer, Max",108,0.359,0.022,0.019,0.07,0.091,0.081,0.02,0.338,Max Scherzer
6,455119,"Martin, Chris",98,0.39,0.023,0.021,0.086,0.079,0.121,0.02,0.259,Chris Martin
7,456501,"Cueto, Johnny",81,0.368,0.035,0.03,0.11,0.108,0.13,0.023,0.197,Johnny Cueto
8,458677,"Wilson, Justin",96,0.387,0.028,0.022,0.082,0.085,0.099,0.009,0.288,Justin Wilson
9,458681,"Lynn, Lance",99,0.371,0.025,0.021,0.084,0.088,0.109,0.02,0.282,Lance Lynn
10,471911,"Carrasco, Carlos",94,0.336,0.027,0.022,0.097,0.072,0.153,0.017,0.276,Carlos Carrasco
11,472610,"García, Luis",101,0.323,0.022,0.019,0.09,0.062,0.164,0.016,0.304,Luis García
12,477132,"Kershaw, Clayton",92,0.35,0.032,0.024,0.094,0.103,0.102,0.02,0.276,Clayton Kershaw
13,489119,"Miley, Wade",92,0.358,0.034,0.024,0.087,0.103,0.097,0.019,0.279,Wade Miley
14,489446,"Yates, Kirby",98,0.387,0.028,0.022,0.076,0.083,0.094,0.015,0.294,Kirby Yates
15,493603,"Ottavino, Adam",101,0.354,0.023,0.02,0.088,0.091,0.136,0.021,0.267,Adam Ottavino
16,500779,"Quintana, Jose",91,0.353,0.031,0.025,0.095,0.1,0.114,0.02,0.262,Jose Quintana
17,502043,"Gibson, Kyle",104,0.306,0.024,0.02,0.085,0.071,0.137,0.017,0.341,Kyle Gibson
18,502085,"Robertson, David",116,0.369,0.016,0.015,0.061,0.079,0.082,0.016,0.361,David Robertson
19,502171,"Cobb, Alex",95,0.353,0.022,0.021,0.099,0.051,0.184,0.018,0.251,Alex Cobb
20,502179,"Espino, Paolo",96,0.366,0.028,0.024,0.089,0.12,0.108,0.028,0.237,Paolo Espino
21,502624,"Anderson, Chase",105,0.343,0.023,0.021,0.081,0.102,0.114,0.018,0.298,Chase Anderson
22,506433,"Darvish, Yu",92,0.368,0.03,0.024,0.092,0.095,0.115,0.016,0.26,Yu Darvish
23,518397,"Alexander, Scott",96,0.332,0.021,0.019,0.102,0.049,0.217,0.019,0.241,Scott Alexander
24,518489,"Brasier, Ryan",96,0.363,0.029,0.023,0.085,0.084,0.121,0.016,0.279,Ryan Brasier
25,518585,"Cruz, Fernando",107,0.329,0.025,0.019,0.072,0.079,0.089,0.015,0.372,Fernando Cruz
26,518617,"Diekman, Jake",99,0.366,0.025,0.021,0.083,0.078,0.106,0.018,0.303,Jake Diekman
27,518876,"Kelly, Merrill",90,0.362,0.03,0.023,0.096,0.084,0.143,0.016,0.245,Merrill Kelly
28,518886,"Kimbrel, Craig",114,0.369,0.02,0.016,0.056,0.073,0.068,0.014,0.385,Craig Kimbrel
29,519008,"McFarland, T.J.",94,0.35,0.022,0.024,0.104,0.08,0.173,0.018,0.229,T.J. McFarland
30,519043,"Moore, Matt",100,0.356,0.027,0.021,0.082,0.091,0.101,0.017,0.305,Matt Moore
31,519151,"Pressly, Ryan",102,0.346,0.023,0.019,0.085,0.071,0.131,0.013,0.311,Ryan Pressly
32,519242,"Sale, Chris",93,0.396,0.03,0.022,0.085,0.091,0.103,0.016,0.257,Chris Sale
33,519293,"Smith, Will",94,0.319,0.033,0.023,0.091,0.102,0.099,0.018,0.316,Will Smith
34,519326,"Strickland, Hunter",109,0.336,0.021,0.017,0.075,0.082,0.097,0.018,0.355,Hunter Strickland
35,523260,"Kelly, Joe",106,0.374,0.018,0.016,0.079,0.062,0.142,0.02,0.288,Joe Kelly
36,527048,"Pérez, Martín",88,0.358,0.033,0.024,0.1,0.102,0.132,0.021,0.23,Martín Pérez
37,527054,"Teheran, Julio",86,0.386,0.031,0.025,0.101,0.096,0.136,0.025,0.199,Julio Teheran
38,528748,"Castellanos, Humberto",96,0.375,0.025,0.021,0.093,0.085,0.124,0.028,0.248,Humberto Castellanos
39,541640,"Ramírez, Erasmo",88,0.379,0.033,0.023,0.096,0.099,0.128,0.021,0.221,Erasmo Ramírez
40,542585,"Cisnero, José",100,0.383,0.025,0.021,0.08,0.081,0.123,0.021,0.266,José Cisnero
41,542881,"Anderson, Tyler",100,0.339,0.029,0.024,0.081,0.115,0.081,0.021,0.31,Tyler Anderson
42,542882,"Andriese, Matt",92,0.362,0.031,0.023,0.091,0.091,0.115,0.015,0.272,Matt Andriese
43,542888,"Armstrong, Shawn",92,0.388,0.029,0.023,0.09,0.092,0.124,0.017,0.237,Shawn Armstrong
44,543037,"Cole, Gerrit",108,0.38,0.02,0.017,0.07,0.076,0.09,0.014,0.334,Gerrit Cole
45,543056,"Coulombe, Danny",103,0.345,0.023,0.021,0.085,0.099,0.128,0.02,0.278,Danny Coulombe
46,543135,"Eovaldi, Nathan",99,0.37,0.024,0.02,0.087,0.073,0.129,0.016,0.281,Nathan Eovaldi
47,543238,"Gose, Anthony",96,0.395,0.029,0.022,0.08,0.09,0.091,0.013,0.28,Anthony Gose
48,543243,"Gray, Sonny",93,0.353,0.026,0.021,0.101,0.08,0.15,0.019,0.249,Sonny Gray
49,543294,"Hendricks, Kyle",87,0.308,0.033,0.027,0.109,0.098,0.152,0.025,0.248,Kyle Hendricks
50,543339,"Hudson, Daniel",111,0.359,0.02,0.016,0.067,0.078,0.088,0.015,0.356,Daniel Hudson
51,543351,"Jackson, Jay",100,0.343,0.029,0.022,0.08,0.099,0.098,0.019,0.311,Jay Jackson
52,543475,"Lyles, Jordan",95,0.354,0.029,0.023,0.09,0.099,0.111,0.017,0.277,Jordan Lyles
53,543518,"McGough, Scott",94,0.379,0.033,0.026,0.078,0.099,0.093,0.016,0.277,Scott McGough
54,543766,"Shaw, Bryan",110,0.352,0.016,0.015,0.078,0.066,0.105,0.016,0.351,Bryan Shaw
55,543859,"Tonkin, Michael",105,0.339,0.022,0.02,0.079,0.071,0.117,0.018,0.333,Michael Tonkin
56,544150,"Suárez, Albert",96,0.363,0.028,0.023,0.086,0.093,0.105,0.015,0.287,Albert Suárez
57,547001,"Poteet, Cody",89,0.35,0.03,0.024,0.102,0.083,0.147,0.016,0.248,Cody Poteet
58,547179,"Lorenzen, Michael",93,0.37,0.028,0.023,0.092,0.09,0.128,0.018,0.251,Michael Lorenzen
59,547184,"Kelly, Michael",98,0.35,0.026,0.023,0.091,0.094,0.114,0.014,0.289,Michael Kelly
60,547973,"Chapman, Aroldis",109,0.348,0.022,0.017,0.066,0.058,0.131,0.014,0.343,Aroldis Chapman
61,548384,"Raley, Brooks",113,0.354,0.017,0.015,0.073,0.09,0.092,0.022,0.336,Brooks Raley
62,548389,"Stripling, Ross",96,0.329,0.029,0.023,0.091,0.093,0.113,0.016,0.307,Ross Stripling
63,552640,"Kittredge, Andrew",101,0.339,0.021,0.017,0.095,0.067,0.155,0.017,0.288,Andrew Kittredge
64,554340,"García, Yimi",110,0.377,0.02,0.017,0.067,0.082,0.09,0.019,0.33,Yimi García
65,554430,"Wheeler, Zack",105,0.386,0.022,0.019,0.073,0.08,0.104,0.019,0.297,Zack Wheeler
66,554431,"Matzek, Tyler",91,0.374,0.032,0.025,0.088,0.09,0.095,0.011,0.285,Tyler Matzek
67,570257,"Rodríguez, Joely",86,0.345,0.032,0.026,0.106,0.081,0.143,0.021,0.248,Joely Rodríguez
68,570632,"Ureña, José",92,0.345,0.027,0.022,0.101,0.071,0.164,0.019,0.251,José Ureña
69,571510,"Boyd, Matthew",88,0.37,0.035,0.026,0.094,0.113,0.105,0.018,0.239,Matthew Boyd
70,571539,"Carasiti, Matt",92,0.346,0.025,0.023,0.104,0.073,0.162,0.017,0.251,Matt Carasiti
71,571578,"Corbin, Patrick",94,0.316,0.033,0.023,0.089,0.085,0.113,0.017,0.323,Patrick Corbin
72,571656,"Farmer, Buck",103,0.367,0.023,0.018,0.079,0.082,0.118,0.026,0.286,Buck Farmer
73,571670,"Floro, Dylan",94,0.311,0.027,0.024,0.101,0.071,0.156,0.022,0.289,Dylan Floro
74,571760,"Heaney, Andrew",98,0.392,0.032,0.024,0.07,0.109,0.072,0.017,0.285,Andrew Heaney
75,571863,"Koch, Matt",105,0.384,0.025,0.018,0.07,0.108,0.069,0.018,0.308,Matt Koch
76,571882,"Law, Derek",107,0.317,0.021,0.018,0.081,0.066,0.133,0.015,0.349,Derek Law
77,571912,"Maile, Luke",45,0.36,0.061,0.03,0.161,0.155,0.068,0.012,0.153,Luke Maile
78,571927,"Matz, Steven",94,0.376,0.028,0.024,0.09,0.085,0.128,0.016,0.254,Steven Matz
79,571945,"Mikolas, Miles",99,0.32,0.025,0.022,0.093,0.071,0.137,0.017,0.316,Miles Mikolas
80,571946,"Miller, Shelby",102,0.382,0.028,0.022,0.068,0.091,0.079,0.014,0.317,Shelby Miller
81,571948,"Milner, Hoby",93,0.375,0.025,0.027,0.096,0.096,0.129,0.025,0.227,Hoby Milner
82,572020,"Paxton, James",90,0.37,0.035,0.026,0.086,0.103,0.094,0.014,0.272,James Paxton
83,572143,"Smith, Burch",103,0.381,0.025,0.02,0.074,0.089,0.086,0.013,0.312,Burch Smith
84,572955,"Johnson, Pierce",107,0.324,0.023,0.018,0.076,0.07,0.1,0.012,0.377,Pierce Johnson
85,572971,"Keuchel, Dallas",94,0.308,0.024,0.023,0.105,0.066,0.187,0.023,0.263,Dallas Keuchel
86,573009,"Mantiply, Joe",89,0.336,0.029,0.023,0.106,0.073,0.162,0.024,0.246,Joe Mantiply
87,573124,"Rogers, Taylor",87,0.388,0.031,0.026,0.1,0.11,0.123,0.021,0.201,Taylor Rogers
88,573186,"Stroman, Marcus",88,0.349,0.03,0.025,0.105,0.092,0.151,0.02,0.228,Marcus Stroman
89,573204,"Thielbar, Caleb",100,0.365,0.027,0.021,0.082,0.112,0.088,0.019,0.285,Caleb Thielbar
90,579328,"Kikuchi, Yusei",102,0.381,0.026,0.02,0.072,0.09,0.08,0.014,0.316,Yusei Kikuchi
91,592094,"Adam, Jason",111,0.352,0.02,0.017,0.069,0.078,0.098,0.015,0.352,Jason Adam
92,592155,"Booser, Cam",108,0.37,0.021,0.017,0.071,0.086,0.082,0.015,0.337,Cam Booser
93,592288,"Emanuel, Kent",90,0.326,0.026,0.025,0.11,0.083,0.174,0.022,0.235,Kent Emanuel
94,592332,"Gausman, Kevin",96,0.366,0.03,0.024,0.082,0.09,0.101,0.014,0.293,Kevin Gausman
95,592351,"Gray, Jon",92,0.365,0.03,0.024,0.092,0.085,0.123,0.013,0.269,Jon Gray
96,592426,"Jackson, Luke",118,0.303,0.017,0.015,0.062,0.048,0.103,0.009,0.443,Luke Jackson
97,592454,"Kahnle, Tommy",107,0.324,0.02,0.018,0.077,0.052,0.131,0.014,0.363,Tommy Kahnle
98,592662,"Ray, Robbie",110,0.386,0.024,0.016,0.059,0.091,0.057,0.017,0.35,Robbie Ray
99,592741,"Shreve, Chasen",85,0.347,0.035,0.023,0.108,0.113,0.111,0.043,0.221,Chasen Shreve
100,592767,"Smyly, Drew",94,0.339,0.033,0.022,0.089,0.099,0.095,0.012,0.31,Drew Smyly
101,592773,"Stanek, Ryne",109,0.372,0.02,0.018,0.066,0.068,0.097,0.013,0.345,Ryne Stanek
102,592779,"Stewart, Brock",108,0.393,0.019,0.017,0.072,0.077,0.103,0.017,0.303,Brock Stewart
103,592791,"Taillon, Jameson",91,0.353,0.032,0.024,0.093,0.1,0.112,0.017,0.268,Jameson Taillon
104,592836,"Walker, Taijuan",93,0.337,0.031,0.023,0.093,0.087,0.123,0.019,0.288,Taijuan Walker
105,592866,"Williams, Trevor",92,0.359,0.031,0.024,0.093,0.105,0.117,0.021,0.25,Trevor Williams
106,593334,"Germán, Domingo",91,0.37,0.035,0.026,0.087,0.119,0.098,0.021,0.244,Domingo Germán
107,593423,"Montas, Frankie",97,0.369,0.025,0.021,0.088,0.072,0.136,0.015,0.275,Frankie Montas
108,593576,"Neris, Héctor",101,0.355,0.027,0.021,0.078,0.079,0.097,0.014,0.329,Héctor Neris
109,593833,"Suero, Wander",103,0.388,0.026,0.014,0.075,0.091,0.109,0.01,0.287,Wander Suero
110,593958,"Rodriguez, Eduardo",88,0.359,0.032,0.025,0.098,0.092,0.125,0.016,0.254,Eduardo Rodriguez
111,593974,"Peralta, Wandy",112,0.344,0.015,0.014,0.074,0.048,0.166,0.019,0.32,Wandy Peralta
112,594580,"Moll, Sam",102,0.397,0.016,0.02,0.093,0.092,0.13,0.018,0.233,Sam Moll
113,594798,"deGrom, Jacob",107,0.368,0.023,0.017,0.068,0.077,0.087,0.01,0.349,Jacob deGrom
114,594835,"Gonzales, Marco",86,0.377,0.037,0.026,0.093,0.115,0.102,0.02,0.229,Marco Gonzales
115,594902,"Lively, Ben",89,0.389,0.035,0.026,0.087,0.12,0.094,0.024,0.225,Ben Lively
116,595014,"Treinen, Blake",111,0.321,0.017,0.016,0.079,0.058,0.133,0.021,0.355,Blake Treinen
117,595345,"Okert, Steven",102,0.363,0.027,0.021,0.078,0.11,0.085,0.021,0.295,Steven Okert
118,595881,"Beede, Tyler",91,0.357,0.028,0.024,0.101,0.084,0.151,0.017,0.238,Tyler Beede
119,595897,"Burdi, Nick",107,0.379,0.02,0.018,0.073,0.072,0.102,0.012,0.325,Nick Burdi
120,595928,"Curtiss, John",103,0.356,0.025,0.02,0.077,0.078,0.099,0.011,0.335,John Curtiss
121,596001,"Junis, Jakob",93,0.35,0.028,0.023,0.097,0.092,0.132,0.019,0.259,Jakob Junis
122,596117,"Stubbs, Garrett",51,0.363,0.03,0.04,0.204,0.132,0.062,0.012,0.155,Garrett Stubbs
123,596133,"Weaver, Luke",109,0.388,0.022,0.017,0.063,0.079,0.083,0.011,0.336,Luke Weaver
124,596295,"Gomber, Austin",91,0.334,0.035,0.025,0.089,0.098,0.096,0.017,0.305,Austin Gomber
125,598264,"Barnes, Matt",105,0.295,0.027,0.019,0.077,0.07,0.101,0.014,0.396,Matt Barnes
126,598286,"Ramirez, Nick",83,0.315,0.032,0.03,0.118,0.086,0.144,0.02,0.255,Nick Ramirez
127,600917,"Leclerc, José",104,0.357,0.026,0.02,0.075,0.092,0.091,0.015,0.324,José Leclerc
128,600986,"Vieira, Thyago",100,0.351,0.024,0.02,0.084,0.065,0.136,0.013,0.307,Thyago Vieira
129,601713,"Pivetta, Nick",105,0.342,0.027,0.021,0.07,0.084,0.08,0.011,0.364,Nick Pivetta
130,605121,"Anderson, Justin",109,0.345,0.02,0.017,0.076,0.073,0.113,0.015,0.342,Justin Anderson
131,605130,"Barlow, Scott",100,0.343,0.025,0.021,0.09,0.105,0.113,0.017,0.285,Scott Barlow
132,605135,"Bassitt, Chris",95,0.367,0.025,0.021,0.098,0.096,0.137,0.025,0.231,Chris Bassitt
133,605154,"Brebbia, John",102,0.366,0.029,0.023,0.071,0.098,0.074,0.012,0.327,John Brebbia
134,605155,"Brewer, Colten",105,0.325,0.022,0.019,0.082,0.069,0.123,0.015,0.346,Colten Brewer
135,605156,"Brooks, Aaron",99,0.313,0.026,0.021,0.089,0.069,0.139,0.016,0.326,Aaron Brooks
136,605177,"Chafin, Andrew",101,0.304,0.027,0.02,0.086,0.071,0.118,0.014,0.361,Andrew Chafin
137,605182,"Clevinger, Mike",99,0.353,0.028,0.023,0.084,0.105,0.098,0.015,0.294,Mike Clevinger
138,605218,"Edwards Jr., Carl",127,0.254,0.014,0.012,0.061,0.064,0.08,0.015,0.499,Carl Edwards Jr.
139,605280,"Holmes, Clay",123,0.299,0.01,0.012,0.063,0.033,0.179,0.018,0.386,Clay Holmes
140,605288,"Houser, Adrian",92,0.358,0.026,0.023,0.099,0.072,0.162,0.019,0.241,Adrian Houser
141,605347,"López, Jorge",98,0.367,0.023,0.02,0.091,0.071,0.157,0.023,0.249,Jorge López
142,605397,"Musgrove, Joe",98,0.334,0.026,0.021,0.092,0.079,0.132,0.014,0.301,Joe Musgrove
143,605400,"Nola, Aaron",94,0.376,0.028,0.023,0.09,0.095,0.121,0.021,0.246,Aaron Nola
144,605447,"Romano, Jordan",105,0.342,0.023,0.022,0.074,0.07,0.101,0.008,0.36,Jordan Romano
145,605452,"Ross, Joe",95,0.351,0.027,0.022,0.094,0.08,0.142,0.017,0.268,Joe Ross
146,605463,"Scott, Tayler",107,0.39,0.019,0.017,0.073,0.074,0.089,0.02,0.319,Tayler Scott
147,605483,"Snell, Blake",114,0.328,0.02,0.017,0.065,0.07,0.08,0.012,0.408,Blake Snell
148,605488,"Springs, Jeffrey",99,0.348,0.032,0.022,0.077,0.104,0.086,0.018,0.314,Jeffrey Springs
149,605513,"Turnbull, Spencer",103,0.353,0.023,0.019,0.084,0.083,0.125,0.016,0.299,Spencer Turnbull
150,606149,"Gallegos, Giovanny",103,0.298,0.029,0.023,0.077,0.086,0.086,0.015,0.385,Giovanny Gallegos
151,606160,"Montero, Rafael",108,0.387,0.019,0.017,0.071,0.075,0.11,0.023,0.298,Rafael Montero
152,606303,"Payamps, Joel",100,0.361,0.025,0.021,0.082,0.084,0.108,0.015,0.303,Joel Payamps
153,606930,"Barnes, Jacob",101,0.376,0.027,0.019,0.075,0.084,0.099,0.01,0.31,Jacob Barnes
154,606965,"Devenski, Chris",119,0.312,0.017,0.014,0.064,0.074,0.093,0.024,0.404,Chris Devenski
155,607067,"Rea, Colin",87,0.366,0.032,0.026,0.1,0.094,0.135,0.017,0.229,Colin Rea
156,607074,"Rodón, Carlos",105,0.368,0.025,0.019,0.07,0.077,0.08,0.01,0.351,Carlos Rodón
157,607179,"Weems, Jordan",101,0.379,0.025,0.02,0.078,0.079,0.092,0.01,0.317,Jordan Weems
158,607192,"Glasnow, Tyler",106,0.343,0.021,0.019,0.076,0.063,0.128,0.012,0.337,Tyler Glasnow
159,607200,"Fedde, Erick",96,0.349,0.027,0.021,0.092,0.083,0.144,0.016,0.268,Erick Fedde
160,607237,"Garrett, Amir",98,0.338,0.028,0.023,0.084,0.082,0.105,0.013,0.327,Amir Garrett
161,607259,"Martinez, Nick",98,0.354,0.029,0.021,0.085,0.098,0.102,0.019,0.292,Nick Martinez
162,607455,"Banda, Anthony",103,0.37,0.022,0.019,0.079,0.074,0.114,0.017,0.305,Anthony Banda
163,607481,"Bummer, Aaron",91,0.361,0.026,0.02,0.103,0.077,0.163,0.017,0.232,Aaron Bummer
164,607536,"Freeland, Kyle",82,0.361,0.038,0.027,0.102,0.095,0.13,0.015,0.233,Kyle Freeland
165,607625,"Lugo, Seth",92,0.371,0.029,0.023,0.096,0.096,0.129,0.02,0.236,Seth Lugo
166,607644,"Means, John",97,0.359,0.032,0.024,0.082,0.123,0.077,0.02,0.282,John Means
167,608032,"Estévez, Carlos",100,0.403,0.027,0.022,0.072,0.087,0.085,0.01,0.295,Carlos Estévez
168,608331,"Fried, Max",92,0.349,0.024,0.022,0.106,0.074,0.169,0.017,0.238,Max Fried
169,608334,"Fulmer, Carson",96,0.342,0.027,0.022,0.092,0.076,0.133,0.015,0.293,Carson Fulmer
170,608344,"Irvin, Cole",91,0.373,0.029,0.023,0.097,0.101,0.123,0.019,0.235,Cole Irvin
171,608371,"Sims, Lucas",110,0.384,0.022,0.018,0.065,0.106,0.068,0.016,0.321,Lucas Sims
172,608379,"Wacha, Michael",100,0.324,0.028,0.022,0.085,0.082,0.11,0.016,0.334,Michael Wacha
173,608566,"Márquez, Germán",93,0.351,0.03,0.024,0.092,0.081,0.117,0.012,0.294,Germán Márquez
174,608638,"Chargois, JT",96,0.371,0.025,0.02,0.092,0.082,0.14,0.021,0.247,JT Chargois
175,608648,"Duffey, Tyler",98,0.33,0.027,0.023,0.091,0.079,0.128,0.016,0.307,Tyler Duffey
176,608678,"Leone, Dominic",113,0.318,0.019,0.016,0.071,0.062,0.121,0.015,0.378,Dominic Leone
177,608717,"Stratton, Chris",95,0.34,0.029,0.023,0.091,0.086,0.122,0.015,0.295,Chris Stratton
178,608718,"Suter, Brent",107,0.325,0.021,0.017,0.087,0.103,0.126,0.031,0.291,Brent Suter
179,608723,"Voth, Austin",111,0.347,0.02,0.017,0.073,0.09,0.088,0.017,0.349,Austin Voth
180,612434,"Castro, Miguel",103,0.364,0.022,0.019,0.085,0.093,0.144,0.023,0.249,Miguel Castro
181,613534,"Adams, Austin",121,0.343,0.013,0.014,0.06,0.07,0.076,0.024,0.4,Austin Adams
182,614179,"Ruiz, José",103,0.362,0.021,0.018,0.082,0.066,0.126,0.014,0.311,José Ruiz
183,615698,"Quantrill, Cal",98,0.341,0.026,0.021,0.089,0.073,0.132,0.017,0.302,Cal Quantrill
184,620982,"Pinto, Ricardo",105,0.347,0.021,0.016,0.081,0.064,0.137,0.024,0.309,Ricardo Pinto
185,621016,"Cuas, Jose",105,0.38,0.021,0.018,0.075,0.076,0.112,0.022,0.296,Jose Cuas
186,621051,"Wilson, Steven",106,0.369,0.027,0.021,0.067,0.117,0.068,0.016,0.315,Steven Wilson
187,621053,"Ferguson, Tyler",103,0.367,0.021,0.018,0.08,0.07,0.123,0.017,0.303,Tyler Ferguson
188,621097,"Waguespack, Jacob",98,0.364,0.029,0.022,0.079,0.087,0.096,0.017,0.307,Jacob Waguespack
189,621107,"Eflin, Zach",97,0.346,0.026,0.021,0.091,0.084,0.139,0.018,0.274,Zach Eflin
190,621111,"Buehler, Walker",99,0.379,0.025,0.02,0.085,0.088,0.113,0.018,0.271,Walker Buehler
191,621112,"Blackburn, Paul",98,0.344,0.026,0.021,0.09,0.083,0.122,0.017,0.296,Paul Blackburn
192,621114,"Burr, Ryan",111,0.294,0.021,0.018,0.073,0.061,0.106,0.01,0.416,Ryan Burr
193,621199,"Bowman, Matt",107,0.325,0.019,0.018,0.084,0.071,0.141,0.021,0.321,Matt Bowman
194,621237,"Alvarado, José",104,0.35,0.021,0.02,0.079,0.052,0.135,0.013,0.331,José Alvarado
195,621242,"Díaz, Edwin",111,0.367,0.022,0.016,0.061,0.073,0.081,0.014,0.366,Edwin Díaz
196,621244,"Berríos, José",93,0.364,0.027,0.023,0.096,0.084,0.135,0.019,0.253,José Berríos
197,621294,"Heller, Ben",106,0.32,0.02,0.018,0.086,0.066,0.15,0.02,0.321,Ben Heller
198,621345,"Minter, A.J.",103,0.386,0.023,0.02,0.075,0.09,0.087,0.015,0.305,A.J. Minter
199,621363,"Poche, Colin",96,0.359,0.029,0.026,0.085,0.098,0.093,0.016,0.293,Colin Poche
200,621366,"Borucki, Ryan",101,0.345,0.025,0.019,0.086,0.084,0.127,0.02,0.294,Ryan Borucki
201,621381,"Strahm, Matt",103,0.412,0.026,0.022,0.064,0.097,0.063,0.013,0.303,Matt Strahm
202,621383,"Banks, Tanner",106,0.358,0.021,0.016,0.081,0.085,0.106,0.021,0.312,Tanner Banks
203,621389,"Blach, Ty",74,0.369,0.036,0.028,0.127,0.097,0.123,0.017,0.204,Ty Blach
204,622065,"Young, Alex",99,0.306,0.022,0.021,0.102,0.062,0.177,0.018,0.293,Alex Young
205,622072,"Wood, Alex",87,0.388,0.033,0.027,0.095,0.108,0.108,0.019,0.223,Alex Wood
206,622075,"Almonte, Yency",109,0.357,0.019,0.017,0.076,0.075,0.121,0.031,0.305,Yency Almonte
207,622088,"Antone, Tejay",99,0.35,0.024,0.021,0.087,0.071,0.143,0.013,0.289,Tejay Antone
208,622098,"Smith, Drew",109,0.378,0.023,0.017,0.065,0.095,0.074,0.013,0.335,Drew Smith
209,622103,"Reyes, Gerardo",106,0.401,0.026,0.02,0.061,0.103,0.062,0.014,0.312,Gerardo Reyes
210,622250,"Sborz, Josh",106,0.345,0.024,0.02,0.073,0.08,0.088,0.01,0.359,Josh Sborz
211,622251,"Staumont, Josh",98,0.354,0.027,0.021,0.085,0.081,0.114,0.015,0.303,Josh Staumont
212,622253,"Tate, Dillon",95,0.36,0.025,0.02,0.097,0.084,0.167,0.027,0.221,Dillon Tate
213,622259,"Wingenter, Trey",107,0.347,0.022,0.019,0.072,0.067,0.098,0.011,0.364,Trey Wingenter
214,622491,"Castillo, Luis",101,0.395,0.024,0.02,0.077,0.083,0.115,0.017,0.27,Luis Castillo
215,622503,"Crismatt, Nabil",103,0.334,0.023,0.021,0.085,0.073,0.111,0.017,0.336,Nabil Crismatt
216,622554,"Domínguez, Seranthony",107,0.383,0.02,0.017,0.074,0.075,0.111,0.015,0.306,Seranthony Domínguez
217,622608,"Senzatela, Antonio",96,0.352,0.023,0.02,0.1,0.068,0.153,0.013,0.272,Antonio Senzatela
218,622663,"Severino, Luis",99,0.382,0.023,0.02,0.087,0.08,0.12,0.017,0.272,Luis Severino
219,622694,"Hernández, Elieser",104,0.355,0.028,0.022,0.071,0.112,0.074,0.019,0.32,Elieser Hernández
220,622766,"Díaz, Miguel",97,0.345,0.028,0.019,0.089,0.079,0.124,0.017,0.299,Miguel Díaz
221,622786,"Tinoco, Jesus",98,0.379,0.024,0.02,0.085,0.082,0.134,0.017,0.258,Jesus Tinoco
222,623149,"Sewald, Paul",123,0.376,0.017,0.014,0.043,0.091,0.038,0.018,0.403,Paul Sewald
223,623167,"Flexen, Chris",102,0.325,0.027,0.02,0.083,0.089,0.105,0.021,0.332,Chris Flexen
224,623211,"Brazobán, Huascar",103,0.353,0.021,0.018,0.083,0.059,0.154,0.02,0.293,Huascar Brazobán
225,623352,"Hader, Josh",115,0.417,0.017,0.014,0.054,0.079,0.046,0.023,0.351,Josh Hader
226,623433,"Anderson, Nick",94,0.364,0.03,0.023,0.089,0.097,0.108,0.014,0.274,Nick Anderson
227,623451,"Stephens, Jackson",81,0.372,0.032,0.027,0.114,0.099,0.159,0.02,0.176,Jackson Stephens
228,623465,"Phillips, Evan",111,0.378,0.017,0.016,0.07,0.082,0.091,0.016,0.329,Evan Phillips
229,623474,"Herget, Jimmy",96,0.371,0.024,0.026,0.095,0.113,0.127,0.022,0.223,Jimmy Herget
230,624133,"Suárez, Ranger",89,0.347,0.029,0.023,0.107,0.085,0.154,0.019,0.236,Ranger Suárez
231,624522,"Thompson, Keegan",113,0.348,0.019,0.015,0.068,0.077,0.09,0.015,0.369,Keegan Thompson
232,624647,"González, Victor",91,0.366,0.028,0.024,0.1,0.091,0.141,0.023,0.228,Victor González
233,625643,"López, Reynaldo",94,0.371,0.029,0.025,0.087,0.09,0.099,0.011,0.288,Reynaldo López
234,628317,"Maeda, Kenta",98,0.34,0.029,0.023,0.085,0.093,0.106,0.017,0.308,Kenta Maeda
235,628452,"Iglesias, Raisel",100,0.37,0.024,0.021,0.084,0.08,0.129,0.016,0.276,Raisel Iglesias
236,628708,"Marte, Yunior",97,0.369,0.024,0.02,0.09,0.081,0.142,0.022,0.252,Yunior Marte
237,630023,"Chirinos, Yonny",99,0.329,0.026,0.02,0.088,0.074,0.138,0.017,0.308,Yonny Chirinos
238,640448,"Finnegan, Kyle",96,0.406,0.028,0.021,0.079,0.077,0.103,0.011,0.275,Kyle Finnegan
239,640451,"Harvey, Hunter",105,0.393,0.022,0.019,0.07,0.068,0.096,0.01,0.322,Hunter Harvey
240,640454,"Krook, Matt",89,0.353,0.028,0.019,0.105,0.061,0.201,0.016,0.216,Matt Krook
241,640455,"Manaea, Sean",93,0.394,0.031,0.025,0.083,0.104,0.092,0.018,0.254,Sean Manaea
242,640462,"Puk, A.J.",106,0.369,0.021,0.02,0.074,0.082,0.092,0.02,0.323,A.J. Puk
243,640470,"Alzolay, Adbert",102,0.35,0.023,0.019,0.084,0.075,0.12,0.019,0.31,Adbert Alzolay
244,641149,"Parsons, Wes",100,0.359,0.025,0.02,0.082,0.077,0.116,0.022,0.299,Wes Parsons
245,641154,"López, Pablo",100,0.359,0.024,0.022,0.083,0.079,0.121,0.014,0.297,Pablo López
246,641302,"Alexander, Tyler",95,0.386,0.031,0.023,0.084,0.126,0.089,0.021,0.239,Tyler Alexander
247,641312,"Anderson, Shaun",93,0.349,0.029,0.023,0.094,0.092,0.125,0.015,0.273,Shaun Anderson
248,641329,"Baker, Bryan",99,0.364,0.026,0.021,0.086,0.088,0.114,0.013,0.288,Bryan Baker
249,641360,"Bickford, Phil",106,0.385,0.024,0.022,0.065,0.088,0.069,0.013,0.334,Phil Bickford
250,641401,"Brogdon, Connor",107,0.334,0.023,0.021,0.076,0.093,0.092,0.022,0.34,Connor Brogdon
251,641427,"Busenitz, Alan",95,0.367,0.026,0.021,0.092,0.075,0.146,0.018,0.255,Alan Busenitz
252,641482,"Cortes, Nestor",99,0.394,0.029,0.022,0.076,0.117,0.077,0.015,0.27,Nestor Cortes
253,641540,"Dunning, Dane",91,0.355,0.03,0.024,0.096,0.091,0.139,0.023,0.242,Dane Dunning
254,641582,"Foster, Matt",92,0.337,0.034,0.026,0.09,0.111,0.098,0.018,0.286,Matt Foster
255,641585,"France, J.P.",101,0.35,0.028,0.021,0.08,0.104,0.09,0.022,0.305,J.P. France
256,641656,"Hamilton, Ian",106,0.335,0.02,0.018,0.081,0.063,0.121,0.016,0.346,Ian Hamilton
257,641703,"Honeywell, Brent",88,0.374,0.032,0.022,0.097,0.09,0.11,0.014,0.26,Brent Honeywell
258,641712,"Hudson, Dakota",98,0.307,0.024,0.02,0.099,0.064,0.158,0.018,0.31,Dakota Hudson
259,641726,"Jefferies, Daulton",94,0.348,0.027,0.022,0.095,0.084,0.133,0.019,0.271,Daulton Jefferies
260,641729,"Jiménez, Joe",110,0.349,0.023,0.021,0.064,0.085,0.077,0.014,0.367,Joe Jiménez
261,641745,"Keller, Brad",102,0.317,0.023,0.018,0.09,0.065,0.139,0.013,0.334,Brad Keller
262,641755,"Kinley, Tyler",101,0.33,0.023,0.022,0.088,0.074,0.125,0.014,0.324,Tyler Kinley
263,641771,"Kuhl, Chad",98,0.353,0.024,0.021,0.091,0.081,0.137,0.018,0.274,Chad Kuhl
264,641793,"Littell, Zack",99,0.358,0.027,0.021,0.082,0.087,0.109,0.02,0.297,Zack Littell
265,641816,"Mahle, Tyler",87,0.377,0.039,0.027,0.084,0.112,0.083,0.016,0.262,Tyler Mahle
266,641835,"Mayza, Tim",99,0.324,0.023,0.019,0.095,0.052,0.181,0.015,0.292,Tim Mayza
267,641927,"Ober, Bailey",102,0.346,0.028,0.022,0.075,0.094,0.093,0.015,0.325,Bailey Ober
268,641941,"Pagán, Emilio",100,0.384,0.029,0.023,0.07,0.095,0.076,0.012,0.312,Emilio Pagán
269,642028,"Rogers, Josh",89,0.355,0.032,0.024,0.104,0.116,0.104,0.023,0.244,Josh Rogers
270,642048,"Saucedo, Tayler",96,0.34,0.024,0.021,0.1,0.081,0.173,0.023,0.237,Tayler Saucedo
271,642100,"Speier, Gabe",93,0.394,0.03,0.023,0.085,0.096,0.111,0.024,0.238,Gabe Speier
272,642121,"Sulser, Cole",103,0.361,0.029,0.021,0.068,0.092,0.074,0.014,0.341,Cole Sulser
273,642207,"Williams, Devin",116,0.367,0.016,0.016,0.059,0.064,0.083,0.011,0.384,Devin Williams
274,642216,"Winans, Allan",94,0.329,0.029,0.022,0.095,0.082,0.134,0.02,0.289,Allan Winans
275,642232,"Yarbrough, Ryan",91,0.35,0.031,0.023,0.099,0.113,0.108,0.032,0.243,Ryan Yarbrough
276,642239,"Zastryzny, Rob",100,0.365,0.025,0.021,0.084,0.095,0.097,0.018,0.296,Rob Zastryzny
277,642397,"Soto, Gregory",98,0.37,0.024,0.019,0.089,0.071,0.145,0.016,0.266,Gregory Soto
278,642520,"Garabito, Gerson",97,0.35,0.027,0.022,0.089,0.093,0.112,0.016,0.29,Gerson Garabito
279,642528,"Loáisiga, Jonathan",107,0.354,0.017,0.015,0.082,0.059,0.188,0.027,0.258,Jonathan Loáisiga
280,642546,"Hernández, Jonathan",102,0.341,0.021,0.018,0.09,0.069,0.169,0.019,0.273,Jonathan Hernández
281,642547,"Peralta, Freddy",106,0.366,0.024,0.02,0.069,0.089,0.076,0.016,0.34,Freddy Peralta
282,642629,"Ramirez, Emmanuel",109,0.365,0.023,0.017,0.066,0.078,0.081,0.021,0.348,Emmanuel Ramirez
283,642701,"Santana, Dennis",98,0.357,0.026,0.021,0.087,0.085,0.125,0.015,0.284,Dennis Santana
284,642834,"Bermúdez, Jonathan",81,0.378,0.041,0.028,0.102,0.137,0.092,0.023,0.2,Jonathan Bermúdez
285,643256,"Cimber, Adam",102,0.359,0.022,0.021,0.091,0.115,0.132,0.033,0.227,Adam Cimber
286,643338,"Green, Chad",103,0.38,0.026,0.02,0.071,0.085,0.081,0.009,0.328,Chad Green
287,643361,"Herget, Kevin",96,0.375,0.031,0.027,0.078,0.115,0.09,0.016,0.268,Kevin Herget
288,643377,"Jax, Griffin",115,0.362,0.016,0.013,0.067,0.067,0.117,0.02,0.339,Griffin Jax
289,643410,"Leiter Jr., Mark",99,0.328,0.026,0.021,0.091,0.078,0.123,0.02,0.313,Mark Leiter Jr.
290,643493,"Pruitt, Austin",91,0.362,0.028,0.024,0.1,0.094,0.134,0.02,0.238,Austin Pruitt
291,643511,"Rogers, Tyler",99,0.418,0.011,0.024,0.104,0.088,0.127,0.032,0.195,Tyler Rogers
292,646242,"Díaz, Jhonathan",87,0.367,0.033,0.025,0.1,0.105,0.116,0.024,0.23,Jhonathan Díaz
293,647315,"Pop, Zach",101,0.367,0.017,0.017,0.091,0.047,0.203,0.02,0.237,Zach Pop
294,647336,"Soroka, Michael",101,0.329,0.026,0.022,0.083,0.085,0.11,0.018,0.327,Michael Soroka
295,650556,"Abreu, Bryan",112,0.351,0.018,0.016,0.068,0.063,0.093,0.011,0.378,Bryan Abreu
296,650633,"King, Michael",96,0.362,0.026,0.022,0.091,0.09,0.123,0.019,0.267,Michael King
297,650644,"Civale, Aaron",97,0.359,0.028,0.022,0.088,0.098,0.114,0.018,0.272,Aaron Civale
298,650671,"Quijada, José",115,0.391,0.02,0.016,0.054,0.09,0.048,0.016,0.364,José Quijada
299,650893,"Cabrera, Génesis",99,0.362,0.026,0.022,0.082,0.082,0.109,0.015,0.302,Génesis Cabrera
300,650895,"Castillo, Diego",98,0.351,0.026,0.021,0.088,0.078,0.133,0.02,0.283,Diego Castillo
301,650911,"Sánchez, Cristopher",109,0.295,0.016,0.018,0.088,0.049,0.163,0.015,0.357,Cristopher Sánchez
302,650960,"Duarte, Daniel",102,0.365,0.026,0.019,0.08,0.097,0.115,0.017,0.281,Daniel Duarte
303,655889,"Rodríguez, Manuel",104,0.376,0.019,0.016,0.082,0.065,0.142,0.02,0.279,Manuel Rodríguez
304,656186,"Altavilla, Dan",108,0.398,0.023,0.017,0.062,0.081,0.073,0.011,0.335,Dan Altavilla
305,656222,"Beeks, Jalen",95,0.354,0.027,0.023,0.09,0.081,0.124,0.015,0.286,Jalen Beeks
306,656232,"Bielak, Brandon",103,0.338,0.023,0.019,0.082,0.063,0.15,0.019,0.308,Brandon Bielak
307,656234,"Bird, Jake",94,0.367,0.024,0.021,0.098,0.075,0.162,0.018,0.235,Jake Bird
308,656240,"Blewett, Scott",107,0.308,0.026,0.022,0.07,0.072,0.099,0.013,0.391,Scott Blewett
309,656266,"Bukauskas, J.B.",93,0.333,0.024,0.022,0.104,0.064,0.184,0.016,0.253,J.B. Bukauskas
310,656271,"Burke, Brock",94,0.362,0.027,0.023,0.091,0.075,0.131,0.013,0.277,Brock Burke
311,656288,"Canning, Griffin",99,0.355,0.027,0.021,0.082,0.084,0.115,0.014,0.302,Griffin Canning
312,656302,"Cease, Dylan",109,0.355,0.021,0.017,0.071,0.072,0.096,0.011,0.358,Dylan Cease
313,656354,"Davis, Austin",91,0.401,0.029,0.023,0.094,0.107,0.121,0.025,0.2,Austin Davis
314,656412,"Faedo, Alex",105,0.324,0.024,0.02,0.076,0.072,0.109,0.014,0.361,Alex Faedo
315,656420,"Feyereisen, J.P.",102,0.361,0.025,0.02,0.078,0.09,0.103,0.016,0.308,J.P. Feyereisen
316,656427,"Flaherty, Jack",98,0.37,0.027,0.022,0.085,0.094,0.096,0.015,0.291,Jack Flaherty
317,656457,"Gilbert, Tyler",92,0.384,0.03,0.023,0.087,0.084,0.099,0.014,0.279,Tyler Gilbert
318,656458,"Gilbreath, Lucas",91,0.387,0.032,0.024,0.088,0.109,0.095,0.018,0.246,Lucas Gilbreath
319,656464,"Ginkel, Kevin",104,0.323,0.023,0.02,0.081,0.06,0.121,0.01,0.36,Kevin Ginkel
320,656529,"Hentges, Sam",101,0.327,0.024,0.021,0.084,0.057,0.129,0.01,0.347,Sam Hentges
321,656546,"Hoffman, Jeff",109,0.338,0.02,0.018,0.072,0.064,0.106,0.012,0.369,Jeff Hoffman
322,656550,"Holmes, Grant",100,0.348,0.026,0.021,0.082,0.075,0.106,0.012,0.331,Grant Holmes
323,656557,"Houck, Tanner",106,0.343,0.017,0.016,0.087,0.06,0.165,0.017,0.294,Tanner Houck
324,656605,"Keller, Mitch",95,0.376,0.027,0.022,0.091,0.086,0.123,0.016,0.259,Mitch Keller
325,656629,"Kopech, Michael",121,0.384,0.015,0.014,0.046,0.067,0.055,0.009,0.409,Michael Kopech
326,656638,"Lange, Alex",109,0.311,0.019,0.016,0.081,0.056,0.151,0.015,0.351,Alex Lange
327,656641,"Latz, Jacob",104,0.362,0.026,0.021,0.072,0.093,0.083,0.014,0.329,Jacob Latz
328,656730,"Megill, Trevor",112,0.384,0.017,0.016,0.066,0.065,0.098,0.017,0.338,Trevor Megill
329,656731,"Megill, Tylor",95,0.376,0.028,0.022,0.085,0.078,0.118,0.014,0.279,Tylor Megill
330,656756,"Montgomery, Jordan",103,0.296,0.024,0.02,0.091,0.072,0.136,0.019,0.344,Jordan Montgomery
331,656786,"Mushinski, Parker",94,0.366,0.029,0.021,0.091,0.098,0.121,0.018,0.257,Parker Mushinski
332,656793,"Nelson, Nick",100,0.361,0.023,0.02,0.087,0.079,0.123,0.019,0.287,Nick Nelson
333,656794,"Newcomb, Sean",97,0.385,0.027,0.021,0.084,0.091,0.1,0.017,0.273,Sean Newcomb
334,656814,"Ortiz, Luis F.",106,0.333,0.018,0.015,0.095,0.1,0.14,0.023,0.275,Luis F. Ortiz
335,656848,"Petersen, Michael",100,0.394,0.025,0.021,0.077,0.085,0.094,0.012,0.293,Michael Petersen
336,656849,"Peterson, David",98,0.325,0.025,0.022,0.094,0.07,0.149,0.016,0.3,David Peterson
337,656876,"Rasmussen, Drew",104,0.377,0.021,0.018,0.078,0.071,0.12,0.013,0.303,Drew Rasmussen
338,656887,"Reid-Foley, Sean",104,0.388,0.026,0.021,0.066,0.081,0.079,0.012,0.327,Sean Reid-Foley
339,656924,"Ryan, Ryder",94,0.374,0.027,0.022,0.089,0.083,0.142,0.028,0.236,Ryder Ryan
340,656945,"Scott, Tanner",116,0.403,0.013,0.012,0.061,0.07,0.068,0.023,0.349,Tanner Scott
341,657006,"Steele, Justin",94,0.383,0.025,0.02,0.098,0.092,0.122,0.022,0.238,Justin Steele
342,657024,"Swanson, Erik",104,0.369,0.023,0.019,0.076,0.083,0.103,0.02,0.307,Erik Swanson
343,657044,"Thompson, Ryan",103,0.346,0.02,0.019,0.084,0.054,0.232,0.022,0.223,Ryan Thompson
344,657053,"Toussaint, Touki",99,0.334,0.023,0.021,0.091,0.065,0.157,0.019,0.288,Touki Toussaint
345,657097,"Webb, Jacob",107,0.363,0.025,0.021,0.068,0.103,0.077,0.015,0.328,Jacob Webb
346,657240,"Merryweather, Julian",104,0.352,0.024,0.02,0.078,0.087,0.097,0.013,0.328,Julian Merryweather
347,657265,"Strzelecki, Peter",101,0.387,0.025,0.02,0.077,0.099,0.097,0.022,0.273,Peter Strzelecki
348,657277,"Webb, Logan",98,0.365,0.021,0.018,0.094,0.059,0.177,0.019,0.247,Logan Webb
349,657376,"Schmidt, Clarke",103,0.361,0.022,0.018,0.084,0.082,0.128,0.016,0.289,Clarke Schmidt
350,657508,"Baumann, Mike",106,0.364,0.022,0.018,0.072,0.067,0.109,0.01,0.337,Mike Baumann
351,657514,"Bernardino, Brennan",93,0.386,0.026,0.024,0.095,0.096,0.124,0.024,0.225,Brennan Bernardino
352,657571,"Ferguson, Caleb",98,0.389,0.027,0.021,0.081,0.088,0.103,0.015,0.277,Caleb Ferguson
353,657585,"Garrett, Reed",111,0.351,0.018,0.016,0.072,0.07,0.118,0.016,0.338,Reed Garrett
354,657612,"Hill, Tim",94,0.391,0.022,0.023,0.091,0.055,0.253,0.021,0.144,Tim Hill
355,657649,"Koenig, Jared",87,0.389,0.031,0.025,0.098,0.084,0.133,0.016,0.225,Jared Koenig
356,657697,"Nittoli, Vinny",114,0.383,0.017,0.016,0.063,0.094,0.064,0.018,0.344,Vinny Nittoli
357,657746,"Ryan, Joe",108,0.383,0.022,0.019,0.067,0.087,0.089,0.015,0.318,Joe Ryan
358,658648,"Avila, Pedro",90,0.355,0.029,0.024,0.1,0.085,0.133,0.018,0.256,Pedro Avila
359,659275,"Lamet, Dinelson",88,0.343,0.033,0.026,0.102,0.09,0.124,0.016,0.266,Dinelson Lamet
360,660600,"Paredes, Enoli",105,0.383,0.023,0.019,0.072,0.087,0.089,0.022,0.304,Enoli Paredes
361,660761,"Suarez, José",99,0.364,0.028,0.021,0.082,0.106,0.097,0.018,0.283,José Suarez
362,660813,"Graterol, Brusdar",104,0.357,0.016,0.015,0.092,0.048,0.19,0.021,0.263,Brusdar Graterol
363,660825,"Bazardo, Eduard",104,0.351,0.022,0.018,0.083,0.082,0.11,0.016,0.317,Eduard Bazardo
364,660853,"De Los Santos, Enyel",93,0.374,0.03,0.023,0.087,0.095,0.11,0.015,0.266,Enyel De Los Santos
365,660896,"Alcala, Jorge",105,0.366,0.023,0.018,0.074,0.072,0.104,0.013,0.329,Jorge Alcala
366,661269,"Gutierrez, Vladimir",100,0.361,0.029,0.021,0.078,0.112,0.089,0.019,0.29,Vladimir Gutierrez
367,661395,"Duran, Jhoan",104,0.365,0.02,0.017,0.081,0.044,0.143,0.014,0.317,Jhoan Duran
368,661403,"Clase, Emmanuel",109,0.356,0.015,0.014,0.08,0.052,0.158,0.021,0.305,Emmanuel Clase
369,661527,"Martinez, Seth",97,0.384,0.027,0.023,0.082,0.098,0.113,0.022,0.252,Seth Martinez
370,661563,"Gil, Luis",112,0.37,0.019,0.016,0.066,0.073,0.096,0.019,0.342,Luis Gil
371,662253,"Muñoz, Andrés",104,0.371,0.021,0.018,0.079,0.065,0.132,0.015,0.301,Andrés Muñoz
372,663158,"Suarez, Robert",107,0.413,0.02,0.017,0.067,0.069,0.094,0.014,0.308,Robert Suarez
373,663321,"Hernandez, Nick",96,0.356,0.033,0.025,0.079,0.112,0.077,0.017,0.3,Nick Hernandez
374,663362,"Waldron, Matt",92,0.359,0.03,0.022,0.097,0.107,0.106,0.025,0.254,Matt Waldron
375,663372,"Feltner, Ryan",92,0.378,0.029,0.024,0.091,0.09,0.122,0.017,0.248,Ryan Feltner
376,663423,"Thornton, Trent",108,0.376,0.02,0.017,0.074,0.093,0.093,0.019,0.309,Trent Thornton
377,663432,"Rainey, Tanner",104,0.373,0.027,0.022,0.065,0.087,0.07,0.012,0.344,Tanner Rainey
378,663436,"Martin, Davis",103,0.342,0.025,0.02,0.079,0.082,0.107,0.015,0.33,Davis Martin
379,663460,"Bubic, Kris",98,0.365,0.028,0.022,0.083,0.093,0.102,0.016,0.291,Kris Bubic
380,663462,"Campbell, Isaiah",116,0.297,0.019,0.016,0.069,0.067,0.089,0.012,0.432,Isaiah Campbell
381,663465,"Allard, Kolby",87,0.366,0.036,0.028,0.093,0.126,0.099,0.022,0.229,Kolby Allard
382,663474,"McKenzie, Triston",97,0.357,0.032,0.024,0.079,0.104,0.084,0.016,0.304,Triston McKenzie
383,663485,"Sands, Cole",99,0.379,0.023,0.02,0.086,0.075,0.121,0.017,0.279,Cole Sands
384,663531,"Allen, Logan",92,0.354,0.031,0.024,0.094,0.106,0.112,0.02,0.259,Logan Allen
385,663542,"Hudson, Bryan",104,0.386,0.024,0.019,0.075,0.103,0.093,0.024,0.276,Bryan Hudson
386,663546,"Hjelle, Sean",110,0.309,0.016,0.016,0.083,0.039,0.185,0.013,0.34,Sean Hjelle
387,663554,"Mize, Casey",99,0.365,0.027,0.022,0.081,0.081,0.108,0.014,0.302,Casey Mize
388,663559,"Falter, Bailey",89,0.387,0.036,0.027,0.085,0.115,0.09,0.014,0.246,Bailey Falter
389,663562,"Davis, Noah",90,0.356,0.03,0.025,0.1,0.088,0.14,0.019,0.243,Noah Davis
390,663567,"Lambert, Peter",95,0.337,0.029,0.024,0.091,0.081,0.122,0.013,0.303,Peter Lambert
391,663568,"Kolek, Stephen",98,0.375,0.022,0.02,0.09,0.075,0.151,0.019,0.248,Stephen Kolek
392,663574,"Santillan, Tony",107,0.394,0.022,0.018,0.066,0.076,0.076,0.012,0.337,Tony Santillan
393,663623,"Irvin, Jake",91,0.382,0.029,0.025,0.091,0.089,0.13,0.017,0.236,Jake Irvin
394,663687,"Harris, Hogan",91,0.386,0.034,0.026,0.084,0.118,0.087,0.02,0.245,Hogan Harris
395,663704,"McArthur, James",104,0.316,0.021,0.018,0.087,0.054,0.163,0.015,0.327,James McArthur
396,663738,"Lynch IV, Daniel",90,0.356,0.03,0.024,0.097,0.088,0.132,0.017,0.255,Daniel Lynch IV
397,663765,"Woodford, Jake",87,0.362,0.031,0.025,0.103,0.091,0.145,0.02,0.223,Jake Woodford
398,663767,"Shugart, Chase",100,0.381,0.022,0.02,0.087,0.096,0.119,0.023,0.252,Chase Shugart
399,663773,"Hoeing, Bryan",104,0.306,0.02,0.019,0.09,0.046,0.184,0.016,0.319,Bryan Hoeing
400,663776,"Sandoval, Patrick",99,0.346,0.025,0.021,0.091,0.088,0.124,0.017,0.289,Patrick Sandoval
401,663855,"Hicks, Jordan",97,0.345,0.025,0.019,0.096,0.071,0.169,0.02,0.256,Jordan Hicks
402,663878,"Pearson, Nate",105,0.37,0.022,0.019,0.073,0.077,0.095,0.012,0.332,Nate Pearson
403,663893,"Little, Brendon",110,0.316,0.015,0.016,0.083,0.032,0.188,0.016,0.335,Brendon Little
404,663903,"Singer, Brady",86,0.365,0.032,0.027,0.1,0.092,0.135,0.019,0.23,Brady Singer
405,663941,"Beck, Tristan",103,0.374,0.025,0.021,0.073,0.091,0.087,0.016,0.312,Tristan Beck
406,663947,"Holton, Tyler",93,0.346,0.029,0.023,0.098,0.092,0.136,0.018,0.258,Tyler Holton
407,663969,"Phillips, Tyler",94,0.344,0.025,0.021,0.1,0.07,0.166,0.017,0.256,Tyler Phillips
408,663978,"Paddack, Chris",100,0.337,0.028,0.023,0.08,0.084,0.101,0.015,0.331,Chris Paddack
409,663989,"Vespi, Nick",111,0.328,0.022,0.016,0.069,0.07,0.08,0.014,0.4,Nick Vespi
410,663992,"Lovelady, Richard",98,0.382,0.027,0.022,0.081,0.087,0.125,0.024,0.253,Richard Lovelady
411,664076,"Cleavinger, Garrett",99,0.399,0.024,0.02,0.083,0.093,0.101,0.02,0.26,Garrett Cleavinger
412,664079,"Jay, Tyler",86,0.396,0.033,0.024,0.094,0.094,0.114,0.016,0.228,Tyler Jay
413,664123,"Effross, Scott",92,0.368,0.021,0.025,0.108,0.07,0.149,0.025,0.234,Scott Effross
414,664126,"Fairbanks, Pete",109,0.362,0.017,0.017,0.075,0.058,0.121,0.014,0.336,Pete Fairbanks
415,664129,"Hartlieb, Geoff",105,0.342,0.018,0.017,0.087,0.051,0.168,0.014,0.303,Geoff Hartlieb
416,664192,"Lucchesi, Joey",75,0.343,0.043,0.029,0.115,0.105,0.135,0.02,0.21,Joey Lucchesi
417,664208,"Maton, Phil",108,0.353,0.023,0.018,0.072,0.104,0.087,0.023,0.319,Phil Maton
418,664285,"Valdez, Framber",108,0.323,0.015,0.016,0.087,0.045,0.189,0.017,0.309,Framber Valdez
419,664299,"Javier, Cristian",109,0.343,0.024,0.018,0.072,0.11,0.075,0.017,0.341,Cristian Javier
420,664350,"Sánchez, Sixto",90,0.363,0.031,0.025,0.097,0.102,0.12,0.018,0.244,Sixto Sánchez
421,664351,"Contreras, Luis",117,0.345,0.02,0.014,0.061,0.097,0.07,0.016,0.377,Luis Contreras
422,664747,"Díaz, Alexis",112,0.375,0.022,0.016,0.057,0.085,0.062,0.014,0.369,Alexis Díaz
423,664776,"Cousins, Jake",121,0.263,0.015,0.015,0.068,0.059,0.119,0.017,0.443,Jake Cousins
424,664849,"Young, Danny",106,0.329,0.019,0.017,0.087,0.065,0.132,0.022,0.328,Danny Young
425,664854,"Helsley, Ryan",113,0.364,0.018,0.015,0.066,0.066,0.096,0.016,0.359,Ryan Helsley
426,664875,"Lawrence, Justin",101,0.379,0.02,0.018,0.087,0.072,0.156,0.022,0.247,Justin Lawrence
427,664948,"Misiewicz, Anthony",106,0.348,0.02,0.017,0.084,0.083,0.137,0.022,0.289,Anthony Misiewicz
428,665019,"Clemens, Kody",-65,0.104,0.038,0.016,0.573,0.026,0.095,0.035,0.113,Kody Clemens
429,665152,"Kremer, Dean",96,0.359,0.029,0.023,0.086,0.094,0.107,0.015,0.288,Dean Kremer
430,665620,"García, Deivi",108,0.364,0.024,0.019,0.066,0.085,0.077,0.014,0.35,Deivi García
431,665622,"Medina, Luis",98,0.358,0.024,0.02,0.089,0.071,0.132,0.015,0.29,Luis Medina
432,665625,"Peguero, Elvis",113,0.298,0.015,0.016,0.078,0.036,0.187,0.015,0.356,Elvis Peguero
433,665795,"Cabrera, Edward",110,0.33,0.018,0.016,0.077,0.056,0.141,0.017,0.344,Edward Cabrera
434,665871,"Assad, Javier",89,0.353,0.032,0.024,0.099,0.096,0.126,0.019,0.25,Javier Assad
435,665896,"Marte, José",95,0.359,0.024,0.023,0.094,0.072,0.169,0.017,0.241,José Marte
